480.0, 0.92845
480.5, 0.935143
481.0, 0.941834
481.5, 0.9485239999999999
482.0, 0.955213
482.5, 0.961901
483.0, 0.968588
483.5, 0.975273
484.0, 0.981957
484.5, 0.98864
485.0, 0.9953219999999999
485.5, 1.002002
486.0, 1.0086819999999999
486.5, 1.01536
487.0, 1.022036
487.5, 1.0287119999999998
488.0, 1.035386
488.5, 1.04206
489.0, 1.048732
489.5, 1.055402
490.0, 1.062072
490.5, 1.06874
491.0, 1.075407
491.5, 1.0820729999999998
492.0, 1.0887369999999998
492.5, 1.0954009999999998
493.0, 1.102063
493.5, 1.108724
494.0, 1.115384
494.5, 1.122042
495.0, 1.128699
495.5, 1.135355
496.0, 1.14201
496.5, 1.148663
497.0, 1.155316
497.5, 1.161967
498.0, 1.168617
498.5, 1.175265
499.0, 1.181913
499.5, 1.188559
500.0, 1.195204
500.5, 1.2018469999999999
501.0, 1.2084899999999998
501.5, 1.215131
502.0, 1.221771
502.5, 1.22841
503.0, 1.235047
503.5, 1.2416829999999999
504.0, 1.248318
504.5, 1.2549519999999998
505.0, 1.261585
505.5, 1.268216
506.0, 1.274846
506.5, 1.281475
507.0, 1.288103
507.5, 1.294729
508.0, 1.301355
508.5, 1.307979
509.0, 1.314601
509.5, 1.321223
510.0, 1.3278429999999999
510.5, 1.334462
511.0, 1.34108
511.5, 1.347697
512.0, 1.354312
512.5, 1.360927
513.0, 1.36754
513.5, 1.374151
514.0, 1.380762
514.5, 1.387371
515.0, 1.39398
515.5, 1.400587
516.0, 1.407192
516.5, 1.413797
517.0, 1.4203999999999999
517.5, 1.4270019999999999
518.0, 1.433603
518.5, 1.440203
519.0, 1.446801
519.5, 1.4533989999999999
520.0, 1.459995
520.5, 1.4665899999999998
521.0, 1.473183
521.5, 1.479776
522.0, 1.486367
522.5, 1.4929569999999999
523.0, 1.4995459999999998
523.5, 1.5061339999999999
524.0, 1.512721
524.5, 1.5193059999999998
525.0, 1.52589
525.5, 1.532474
526.0, 1.5390549999999998
526.5, 1.545636
527.0, 1.552216
527.5, 1.558794
528.0, 1.5653709999999998
528.5, 1.571947
529.0, 1.578522
529.5, 1.5850959999999998
530.0, 1.5916679999999999
530.5, 1.5982399999999999
531.0, 1.6048099999999998
531.5, 1.611379
532.0, 1.617947
532.5, 1.624514
533.0, 1.631079
533.5, 1.6376439999999999
534.0, 1.644207
534.5, 1.650769
535.0, 1.65733
535.5, 1.6638899999999999
536.0, 1.6704489999999999
536.5, 1.677007
537.0, 1.683563
537.5, 1.690119
538.0, 1.6966729999999999
538.5, 1.703226
539.0, 1.709778
539.5, 1.716329
540.0, 1.7228789999999998
540.5, 1.729428
541.0, 1.7359749999999998
541.5, 1.742522
542.0, 1.749067
542.5, 1.7556109999999998
543.0, 1.762155
543.5, 1.768697
544.0, 1.7752379999999999
544.5, 1.7817779999999999
545.0, 1.788316
545.5, 1.794854
546.0, 1.801391
546.5, 1.807926
547.0, 1.8144609999999999
547.5, 1.820994
548.0, 1.827527
548.5, 1.834058
549.0, 1.840588
549.5, 1.847117
550.0, 1.853645
550.5, 1.8601729999999999
551.0, 1.8666989999999999
551.5, 1.8732229999999999
552.0, 1.8797469999999998
552.5, 1.88627
553.0, 1.8927919999999998
553.5, 1.8993129999999998
554.0, 1.9058329999999999
554.5, 1.912351
555.0, 1.918869
555.5, 1.9253859999999998
556.0, 1.9319009999999999
556.5, 1.938416
557.0, 1.9449299999999998
557.5, 1.951442
558.0, 1.957954
558.5, 1.964464
559.0, 1.970974
559.5, 1.977482
560.0, 1.98399
560.5, 1.9904959999999998
561.0, 1.997002
561.5, 2.003507
562.0, 2.01001
562.5, 2.0165129999999998
563.0, 2.023014
563.5, 2.029515
564.0, 2.036015
564.5, 2.042513
565.0, 2.0490109999999997
565.5, 2.055508
566.0, 2.062004
566.5, 2.068499
567.0, 2.074993
567.5, 2.081486
568.0, 2.087978
568.5, 2.0944689999999997
569.0, 2.100959
569.5, 2.1074479999999998
570.0, 2.113936
570.5, 2.1204229999999997
571.0, 2.12691
571.5, 2.1333949999999997
572.0, 2.13988
572.5, 2.146363
573.0, 2.152846
573.5, 2.159328
574.0, 2.165809
574.5, 2.1722889999999997
575.0, 2.178768
575.5, 2.185246
576.0, 2.191723
576.5, 2.198199
577.0, 2.204675
577.5, 2.211149
578.0, 2.2176229999999997
578.5, 2.224096
579.0, 2.230568
579.5, 2.2370389999999998
580.0, 2.243509
580.5, 2.249978
581.0, 2.256447
581.5, 2.262914
582.0, 2.269381
582.5, 2.2758469999999997
583.0, 2.282312
583.5, 2.288776
584.0, 2.295239
584.5, 2.3017019999999997
585.0, 2.308163
585.5, 2.314624
586.0, 2.321084
586.5, 2.327543
587.0, 2.3340009999999998
587.5, 2.340459
588.0, 2.346915
588.5, 2.353371
589.0, 2.359826
589.5, 2.3662799999999997
590.0, 2.372734
590.5, 2.379186
591.0, 2.3856379999999997
591.5, 2.392089
592.0, 2.398539
592.5, 2.404989
593.0, 2.411437
593.5, 2.417885
594.0, 2.4243319999999997
594.5, 2.430778
595.0, 2.437224
595.5, 2.4436679999999997
596.0, 2.450112
596.5, 2.456555
597.0, 2.462998
597.5, 2.469439
598.0, 2.47588
598.5, 2.48232
599.0, 2.48876
599.5, 2.495198
600.0, 2.501636
600.5, 2.508073
601.0, 2.51451
601.5, 2.5209449999999998
602.0, 2.52738
602.5, 2.533814
603.0, 2.540248
603.5, 2.54668
604.0, 2.553112
604.5, 2.5595429999999997
605.0, 2.5659739999999998
605.5, 2.5724039999999997
606.0, 2.578833
606.5, 2.585261
607.0, 2.5916889999999997
607.5, 2.598116
608.0, 2.604542
608.5, 2.6109679999999997
609.0, 2.617393
609.5, 2.623817
610.0, 2.6302399999999997
610.5, 2.636663
611.0, 2.6430849999999997
611.5, 2.649507
612.0, 2.655928
612.5, 2.6623479999999997
613.0, 2.668767
613.5, 2.675186
614.0, 2.681604
614.5, 2.6880219999999997
615.0, 2.694438
615.5, 2.700855
616.0, 2.70727
616.5, 2.713685
617.0, 2.720099
617.5, 2.7265129999999997
618.0, 2.732925
618.5, 2.739338
619.0, 2.745749
619.5, 2.75216
620.0, 2.758571
620.5, 2.76498
621.0, 2.77139
621.5, 2.7777979999999998
622.0, 2.7842059999999997
622.5, 2.790613
623.0, 2.79702
623.5, 2.803426
624.0, 2.809831
624.5, 2.816236
625.0, 2.82264
625.5, 2.8290439999999997
626.0, 2.835447
626.5, 2.841849
627.0, 2.848251
627.5, 2.8546519999999997
628.0, 2.861053
628.5, 2.867453
629.0, 2.873852
629.5, 2.880251
630.0, 2.886649
630.5, 2.8930469999999997
631.0, 2.899444
631.5, 2.9058409999999997
632.0, 2.9122369999999997
632.5, 2.9186319999999997
633.0, 2.925027
633.5, 2.931422
634.0, 2.937815
634.5, 2.944209
635.0, 2.950601
635.5, 2.9569929999999998
636.0, 2.9633849999999997
636.5, 2.969776
637.0, 2.976167
637.5, 2.9825559999999998
638.0, 2.988946
638.5, 2.995335
639.0, 3.0017229999999997
639.5, 3.008111
640.0, 3.0144979999999997
640.5, 3.020885
641.0, 3.027271
641.5, 3.033657
642.0, 3.0400419999999997
642.5, 3.046427
643.0, 3.0528109999999997
643.5, 3.059195
644.0, 3.065578
644.5, 3.07196
645.0, 3.078343
645.5, 3.084724
646.0, 3.0911049999999998
646.5, 3.097486
647.0, 3.103866
647.5, 3.110246
648.0, 3.116625
648.5, 3.123004
649.0, 3.1293819999999997
649.5, 3.13576
650.0, 3.142137