478.5, 0.9082479999999999
479.0, 0.914944
479.5, 0.921639
480.0, 0.9283319999999999
480.5, 0.935025
481.0, 0.941716
481.5, 0.948406
482.0, 0.9550949999999999
482.5, 0.9617819999999999
483.0, 0.9684689999999999
483.5, 0.975154
484.0, 0.981838
484.5, 0.988521
485.0, 0.9952019999999999
485.5, 1.0018829999999999
486.0, 1.008562
486.5, 1.01524
487.0, 1.021917
487.5, 1.028592
488.0, 1.035266
488.5, 1.041939
489.0, 1.048611
489.5, 1.055282
490.0, 1.0619509999999999
490.5, 1.06862
491.0, 1.0752869999999999
491.5, 1.081952
492.0, 1.088617
492.5, 1.09528
493.0, 1.101942
493.5, 1.108603
494.0, 1.115263
494.5, 1.121921
495.0, 1.1285779999999999
495.5, 1.1352339999999999
496.0, 1.141889
496.5, 1.148542
497.0, 1.155194
497.5, 1.161845
498.0, 1.1684949999999998
498.5, 1.175144
499.0, 1.181791
499.5, 1.188437
500.0, 1.195082
500.5, 1.201725
501.0, 1.2083679999999999
501.5, 1.215009
502.0, 1.221649
502.5, 1.228288
503.0, 1.234925
503.5, 1.241561
504.0, 1.2481959999999999
504.5, 1.25483
505.0, 1.261463
505.5, 1.2680939999999998
506.0, 1.274724
506.5, 1.281353
507.0, 1.287981
507.5, 1.2946069999999998
508.0, 1.301232
508.5, 1.307856
509.0, 1.314479
509.5, 1.3211
510.0, 1.327721
510.5, 1.3343399999999999
511.0, 1.3409579999999999
511.5, 1.347574
512.0, 1.35419
512.5, 1.360804
513.0, 1.3674169999999999
513.5, 1.374029
514.0, 1.380639
514.5, 1.387249
515.0, 1.393857
515.5, 1.400464
516.0, 1.40707
516.5, 1.4136739999999999
517.0, 1.420277
517.5, 1.42688
518.0, 1.4334799999999999
518.5, 1.44008
519.0, 1.4466789999999998
519.5, 1.453276
520.0, 1.4598719999999998
520.5, 1.466467
521.0, 1.473061
521.5, 1.4796529999999999
522.0, 1.486245
522.5, 1.492835
523.0, 1.4994239999999999
523.5, 1.506012
524.0, 1.5125979999999999
524.5, 1.5191839999999999
525.0, 1.525768
525.5, 1.532351
526.0, 1.5389329999999999
526.5, 1.545513
527.0, 1.552093
527.5, 1.558671
528.0, 1.565249
528.5, 1.571825
529.0, 1.5783989999999999
529.5, 1.584973
530.0, 1.591546
530.5, 1.598117
531.0, 1.604687
531.5, 1.611256
532.0, 1.617824
532.5, 1.624391
533.0, 1.630957
533.5, 1.637521
534.0, 1.644085
534.5, 1.650647
535.0, 1.657208
535.5, 1.663768
536.0, 1.670327
536.5, 1.6768839999999998
537.0, 1.683441
537.5, 1.6899959999999998
538.0, 1.696551
538.5, 1.703104
539.0, 1.7096559999999998
539.5, 1.7162069999999998
540.0, 1.7227569999999999
540.5, 1.7293049999999999
541.0, 1.7358529999999999
541.5, 1.742399
542.0, 1.748945
542.5, 1.7554889999999999
543.0, 1.7620319999999998
543.5, 1.7685739999999999
544.0, 1.775115
544.5, 1.781655
545.0, 1.7881939999999998
545.5, 1.794732
546.0, 1.801269
546.5, 1.807804
547.0, 1.814339
547.5, 1.8208719999999998
548.0, 1.827405
548.5, 1.833936
549.0, 1.840466
549.5, 1.846995
550.0, 1.8535229999999998
550.5, 1.860051
551.0, 1.866577
551.5, 1.873101
552.0, 1.8796249999999999
552.5, 1.886148
553.0, 1.8926699999999999
553.5, 1.8991909999999999
554.0, 1.905711
554.5, 1.912229
555.0, 1.918747
555.5, 1.9252639999999999
556.0, 1.931779
556.5, 1.938294
557.0, 1.9448079999999999
557.5, 1.95132
558.0, 1.957832
558.5, 1.9643419999999998
559.0, 1.9708519999999998
559.5, 1.977361
560.0, 1.983868
560.5, 1.990375
561.0, 1.99688
561.5, 2.0033849999999997
562.0, 2.009889
562.5, 2.016391
563.0, 2.022893
563.5, 2.029393
564.0, 2.0358929999999997
564.5, 2.042392
565.0, 2.04889
565.5, 2.055386
566.0, 2.0618819999999998
566.5, 2.068377
567.0, 2.074871
567.5, 2.0813639999999998
568.0, 2.087856
568.5, 2.094347
569.0, 2.100837
569.5, 2.107326
570.0, 2.1138149999999998
570.5, 2.1203019999999997
571.0, 2.126788
571.5, 2.133274
572.0, 2.139758
572.5, 2.146242
573.0, 2.152724
573.5, 2.1592059999999997
574.0, 2.1656869999999997
574.5, 2.172167
575.0, 2.178646
575.5, 2.185124
576.0, 2.191601
576.5, 2.1980779999999998
577.0, 2.2045529999999998
577.5, 2.2110279999999998
578.0, 2.217502
578.5, 2.223974
579.0, 2.2304459999999997
579.5, 2.236917
580.0, 2.243387
580.5, 2.249857
581.0, 2.256325
581.5, 2.262793
582.0, 2.269259
582.5, 2.275725
583.0, 2.28219
583.5, 2.2886539999999997
584.0, 2.295118
584.5, 2.30158
585.0, 2.308042
585.5, 2.3145029999999998
586.0, 2.3209619999999997
586.5, 2.327422
587.0, 2.3338799999999997
587.5, 2.340337
588.0, 2.346794
588.5, 2.35325
589.0, 2.359705
589.5, 2.3661589999999997
590.0, 2.3726119999999997
590.5, 2.3790649999999998
591.0, 2.385517
591.5, 2.3919669999999997
592.0, 2.398418
592.5, 2.404867
593.0, 2.411316
593.5, 2.417763
594.0, 2.42421
594.5, 2.430657
595.0, 2.437102
595.5, 2.4435469999999997
596.0, 2.449991
596.5, 2.456434
597.0, 2.462876
597.5, 2.469318
598.0, 2.475758
598.5, 2.482199
599.0, 2.488638
599.5, 2.495076
600.0, 2.501514
600.5, 2.507951
601.0, 2.514388
601.5, 2.520823
602.0, 2.527258
602.5, 2.533692
603.0, 2.540126
603.5, 2.546558
604.0, 2.55299
604.5, 2.559421
605.0, 2.565852
605.5, 2.572282
606.0, 2.5787109999999998
606.5, 2.585139
607.0, 2.591567
607.5, 2.597994
608.0, 2.6044199999999997
608.5, 2.610846
609.0, 2.61727
609.5, 2.6236949999999997
610.0, 2.630118
610.5, 2.636541
611.0, 2.642963
611.5, 2.649384
612.0, 2.655805
612.5, 2.662225
613.0, 2.6686449999999997
613.5, 2.6750629999999997
614.0, 2.681481
614.5, 2.687899
615.0, 2.6943159999999997
615.5, 2.700732
616.0, 2.707147
616.5, 2.713562
617.0, 2.719976
617.5, 2.72639
618.0, 2.732803
618.5, 2.7392149999999997
619.0, 2.7456259999999997
619.5, 2.752037
620.0, 2.758448
620.5, 2.7648569999999997
621.0, 2.771266
621.5, 2.777675
622.0, 2.784083
622.5, 2.7904899999999997
623.0, 2.796896
623.5, 2.803302
624.0, 2.809708
624.5, 2.816113
625.0, 2.822517
625.5, 2.8289199999999997
626.0, 2.835323
626.5, 2.841726
627.0, 2.848127
627.5, 2.8545279999999997
628.0, 2.860929
628.5, 2.867329
629.0, 2.873728
629.5, 2.880127
630.0, 2.886526
630.5, 2.8929229999999997
631.0, 2.89932
631.5, 2.9057169999999997
632.0, 2.9121129999999997
632.5, 2.9185079999999997
633.0, 2.924903
633.5, 2.931297
634.0, 2.937691
634.5, 2.9440839999999997
635.0, 2.950477
635.5, 2.9568689999999997
636.0, 2.96326
636.5, 2.969651
637.0, 2.976042
637.5, 2.9824319999999997
638.0, 2.9888209999999997
638.5, 2.9952099999999997
639.0, 3.001598
639.5, 3.007986
640.0, 3.014373
640.5, 3.0207599999999997
641.0, 3.0271459999999997
641.5, 3.0335319999999997
642.0, 3.039917
642.5, 3.046302
643.0, 3.052686
643.5, 3.059069
644.0, 3.065452
644.5, 3.0718349999999996
645.0, 3.078217
645.5, 3.084599
646.0, 3.09098
646.5, 3.0973599999999997
647.0, 3.1037399999999997
647.5, 3.1101199999999998
648.0, 3.1164989999999997
648.5, 3.122878
649.0, 3.129256
649.5, 3.135634
650.0, 3.1420109999999997
650.5, 3.148387
651.0, 3.1547639999999997
651.5, 3.161139
652.0, 3.167515
652.5, 3.1738899999999997
653.0, 3.1802639999999998
653.5, 3.186638
654.0, 3.193011
654.5, 3.199384
655.0, 3.2057569999999997
655.5, 3.212129
656.0, 3.2184999999999997
656.5, 3.224871
657.0, 3.231242
657.5, 3.237612
658.0, 3.243982
658.5, 3.2503509999999998
659.0, 3.25672
659.5, 3.263089
660.0, 3.269457
660.5, 3.275824
661.0, 3.2821909999999996
661.5, 3.2885579999999996
662.0, 3.294924
662.5, 3.30129
663.0, 3.3076559999999997
663.5, 3.314021
664.0, 3.320385
664.5, 3.3267499999999997
665.0, 3.333113
665.5, 3.339477
666.0, 3.34584
666.5, 3.3522019999999997
667.0, 3.358564
667.5, 3.3649259999999996
668.0, 3.3712869999999997
668.5, 3.3776479999999998
669.0, 3.384009
669.5, 3.3903689999999997
670.0, 3.396728
670.5, 3.403088
671.0, 3.4094469999999997
671.5, 3.4158049999999998
672.0, 3.422163
672.5, 3.428521
673.0, 3.434878
673.5, 3.441235
674.0, 3.4475919999999998
674.5, 3.453948
675.0, 3.460304
675.5, 3.466659
676.0, 3.473014
676.5, 3.4793689999999997
677.0, 3.4857229999999997
677.5, 3.4920769999999997
678.0, 3.4984309999999996
678.5, 3.504784
679.0, 3.5111369999999997
679.5, 3.517489
680.0, 3.523841
680.5, 3.5301929999999997
681.0, 3.536545
681.5, 3.542896
682.0, 3.5492459999999997
682.5, 3.5555969999999997
683.0, 3.561947
683.5, 3.5682959999999997
684.0, 3.574646
684.5, 3.5809949999999997
685.0, 3.5873429999999997
685.5, 3.5936909999999997
686.0, 3.6000389999999998
686.5, 3.606387
687.0, 3.6127339999999997
687.5, 3.619081
688.0, 3.625428
688.5, 3.6317739999999996
689.0, 3.63812
689.5, 3.644465
690.0, 3.650811
690.5, 3.657155
691.0, 3.6635
691.5, 3.669844
692.0, 3.676188
692.5, 3.6825319999999997
693.0, 3.688875
693.5, 3.6952179999999997
694.0, 3.701561
694.5, 3.707903
695.0, 3.714245
695.5, 3.7205869999999996
696.0, 3.726928
696.5, 3.7332699999999996
697.0, 3.73961
697.5, 3.745951
698.0, 3.752291
698.5, 3.758631
699.0, 3.7649709999999996
699.5, 3.7713099999999997
700.0, 3.777649