486.0, 1.0099559999999999
486.5, 1.016635
487.0, 1.023313
487.5, 1.02999
488.0, 1.036665
488.5, 1.04334
489.0, 1.050012
489.5, 1.056684
490.0, 1.063355
490.5, 1.0700239999999999
491.0, 1.076692
491.5, 1.083359
492.0, 1.0900239999999999
492.5, 1.0966879999999999
493.0, 1.103351
493.5, 1.110013
494.0, 1.116673
494.5, 1.123333
495.0, 1.129991
495.5, 1.136647
496.0, 1.143303
496.5, 1.149957
497.0, 1.15661
497.5, 1.163262
498.0, 1.1699119999999998
498.5, 1.176561
499.0, 1.183209
499.5, 1.189856
500.0, 1.196501
500.5, 1.203145
501.0, 1.2097879999999999
501.5, 1.21643
502.0, 1.223071
502.5, 1.2297099999999999
503.0, 1.236348
503.5, 1.2429839999999999
504.0, 1.24962
504.5, 1.256254
505.0, 1.2628869999999999
505.5, 1.2695189999999998
506.0, 1.276149
506.5, 1.282779
507.0, 1.289407
507.5, 1.296033
508.0, 1.302659
508.5, 1.309283
509.0, 1.315906
509.5, 1.322528
510.0, 1.329149
510.5, 1.3357679999999998
511.0, 1.3423859999999999
511.5, 1.349003
512.0, 1.355619
512.5, 1.362233
513.0, 1.368846
513.5, 1.3754579999999998
514.0, 1.382069
514.5, 1.3886779999999999
515.0, 1.395287
515.5, 1.401894
516.0, 1.4084999999999999
516.5, 1.415104
517.0, 1.421708
517.5, 1.42831
518.0, 1.4349109999999998
518.5, 1.441511
519.0, 1.4481089999999999
519.5, 1.4547059999999998
520.0, 1.461303
520.5, 1.467898
521.0, 1.474491
521.5, 1.4810839999999998
522.0, 1.4876749999999999
522.5, 1.494265
523.0, 1.500854
523.5, 1.507442
524.0, 1.5140289999999998
524.5, 1.520614
525.0, 1.5271979999999998
525.5, 1.5337809999999998
526.0, 1.540363
526.5, 1.5469439999999999
527.0, 1.553523
527.5, 1.560101
528.0, 1.566678
528.5, 1.573254
529.0, 1.579829
529.5, 1.586403
530.0, 1.592975
530.5, 1.599546
531.0, 1.606117
531.5, 1.6126859999999998
532.0, 1.6192529999999998
532.5, 1.6258199999999998
533.0, 1.632385
533.5, 1.63895
534.0, 1.645513
534.5, 1.652075
535.0, 1.658636
535.5, 1.665196
536.0, 1.671754
536.5, 1.678312
537.0, 1.684868
537.5, 1.6914239999999998
538.0, 1.697978
538.5, 1.704531
539.0, 1.711083
539.5, 1.717633
540.0, 1.724183
540.5, 1.730732
541.0, 1.737279
541.5, 1.743825
542.0, 1.75037
542.5, 1.756915
543.0, 1.763458
543.5, 1.77
544.0, 1.77654
544.5, 1.78308
545.0, 1.7896189999999998
545.5, 1.7961559999999999
546.0, 1.8026929999999999
546.5, 1.8092279999999998
547.0, 1.815763
547.5, 1.822296
548.0, 1.828828
548.5, 1.835359
549.0, 1.8418889999999999
549.5, 1.848418
550.0, 1.854946
550.5, 1.861473
551.0, 1.867999
551.5, 1.8745239999999999
552.0, 1.881047
552.5, 1.88757
553.0, 1.8940919999999999
553.5, 1.900612
554.0, 1.9071319999999998
554.5, 1.913651
555.0, 1.9201679999999999
555.5, 1.926685
556.0, 1.9331999999999998
556.5, 1.9397149999999999
557.0, 1.9462279999999998
557.5, 1.95274
558.0, 1.959252
558.5, 1.965762
559.0, 1.9722719999999998
559.5, 1.97878
560.0, 1.985288
560.5, 1.9917939999999998
561.0, 1.9982989999999998
561.5, 2.004804
562.0, 2.011307
562.5, 2.01781
563.0, 2.024311
563.5, 2.030812
564.0, 2.037311
564.5, 2.04381
565.0, 2.050308
565.5, 2.056804
566.0, 2.0633
566.5, 2.069795
567.0, 2.076289
567.5, 2.082782
568.0, 2.089273
568.5, 2.095764
569.0, 2.102254
569.5, 2.1087439999999997
570.0, 2.115232
570.5, 2.1217189999999997
571.0, 2.128205
571.5, 2.134691
572.0, 2.141175
572.5, 2.147659
573.0, 2.154141
573.5, 2.1606229999999997
574.0, 2.1671039999999997
574.5, 2.173584
575.0, 2.180063
575.5, 2.186541
576.0, 2.193018
576.5, 2.199494
577.0, 2.2059699999999998
577.5, 2.212444
578.0, 2.218918
578.5, 2.225391
579.0, 2.2318629999999997
579.5, 2.238334
580.0, 2.244804
580.5, 2.251273
581.0, 2.257742
581.5, 2.26421
582.0, 2.270676
582.5, 2.277142
583.0, 2.283607
583.5, 2.2900709999999997
584.0, 2.296535
584.5, 2.302997
585.0, 2.309459
585.5, 2.3159199999999998
586.0, 2.32238
586.5, 2.328839
587.0, 2.3352969999999997
587.5, 2.341755
588.0, 2.3482119999999997
588.5, 2.3546679999999998
589.0, 2.361123
589.5, 2.367577
590.0, 2.37403
590.5, 2.380483
591.0, 2.386935
591.5, 2.393386
592.0, 2.399836
592.5, 2.4062859999999997
593.0, 2.412735
593.5, 2.419183
594.0, 2.42563
594.5, 2.432076
595.0, 2.438522
595.5, 2.4449669999999997
596.0, 2.451411
596.5, 2.4578539999999998
597.0, 2.4642969999999997
597.5, 2.470738
598.0, 2.477179
598.5, 2.4836199999999997
599.0, 2.490059
599.5, 2.496498
600.0, 2.502936
600.5, 2.509373
601.0, 2.51581
601.5, 2.522246
602.0, 2.5286809999999997
602.5, 2.535115
603.0, 2.541549
603.5, 2.5479819999999997
604.0, 2.554414
604.5, 2.5608459999999997
605.0, 2.567277
605.5, 2.5737069999999997
606.0, 2.580136
606.5, 2.586565
607.0, 2.592993
607.5, 2.59942
608.0, 2.6058459999999997
608.5, 2.612272
609.0, 2.6186979999999997
609.5, 2.6251219999999997
610.0, 2.6315459999999997
610.5, 2.637969
611.0, 2.644392
611.5, 2.650813
612.0, 2.657234
612.5, 2.663655
613.0, 2.6700749999999998
613.5, 2.676494
614.0, 2.682912
614.5, 2.68933
615.0, 2.695747
615.5, 2.702164
616.0, 2.70858
616.5, 2.714995
617.0, 2.721409
617.5, 2.727823
618.0, 2.734237
618.5, 2.740649
619.0, 2.747061
619.5, 2.753473
620.0, 2.759883
620.5, 2.766294
621.0, 2.772703
621.5, 2.779112
622.0, 2.78552
622.5, 2.791928
623.0, 2.798335
623.5, 2.804742
624.0, 2.811147
624.5, 2.8175529999999998
625.0, 2.823957
625.5, 2.830361
626.0, 2.8367649999999998
626.5, 2.843168
627.0, 2.84957
627.5, 2.855972
628.0, 2.862373
628.5, 2.868773
629.0, 2.8751729999999998
629.5, 2.881573
630.0, 2.887971
630.5, 2.89437
631.0, 2.9007669999999997
631.5, 2.907164
632.0, 2.913561
632.5, 2.9199569999999997
633.0, 2.926352
633.5, 2.932747
634.0, 2.939142
634.5, 2.945535
635.0, 2.9519279999999997
635.5, 2.9583209999999998
636.0, 2.9647129999999997
636.5, 2.9711049999999997
637.0, 2.977496
637.5, 2.983886
638.0, 2.9902759999999997
638.5, 2.996666
639.0, 3.003055
639.5, 3.0094429999999996
640.0, 3.015831
640.5, 3.022218
641.0, 3.0286049999999998
641.5, 3.0349909999999998
642.0, 3.0413769999999998
642.5, 3.0477629999999998
643.0, 3.054147
643.5, 3.060532
644.0, 3.066915
644.5, 3.073299
645.0, 3.079681
645.5, 3.086064
646.0, 3.0924449999999997
646.5, 3.098827
647.0, 3.105207
647.5, 3.111588
648.0, 3.117968
648.5, 3.1243469999999998
649.0, 3.1307259999999997
649.5, 3.137104
650.0, 3.1434819999999997